17.2
18
26.6
10.2
36
49.3
36.8
25.89
4.8
97
22
9.5
5.6
22.8
43.9
40
15
2.5
7.2
8
42.4
263.5
26
9.6
10.4
44
19
12.75
77.6
21.35
17.45
11.2
7.3
9.65
12
45.6
55
30
13.6
39.4
14.4
123.79
15.2
28.5
16
20.7
16.8
34
21.5
9
17.6
26.2
7.45
34.8
9.8
18.4
5.9
33.25
2
10.6
19.2
27.8
36.4
20
3.6
20.8
38
13
81
31
6
99
24
7.6
24.8
23.25
17
4.5
25.6
9.2
13.9
16.25
10
18.6
27.2
14.7
210.8
53
15.5
7.7
28.8
24.9
12.4
46
21
19.45
30.4
39
14
7.75
35.1
31.2
6.2
64.8
21.05
32
19.5
13.25
7
15.6
31.23
32.8
62.5
50
25
12.5
